11011011001100100011111101010110110001111110011001111110000100011101000110101000110100001011110101010010100
1010010101110001001011111110000010100111100011010111001011100011101001101011000110100110000111101010110011101010001001100000011000
0000001101111100100010110010100101101101010001100110110011110101010010011111111101011110000111100101011011100101110000101101000001
1000100010110011100000110010000001110000010111110011100000111001111100001110001011011110010011000000011110010111001100110111000110
0111011110001100011000011110110011011000001000111110110100001000011000010110010010000001001010101111100000101101010000100100001100
1010100011101111101110100000011101001100000101101000101111010010011111011111110100000000101011000001110001011000101110100110000100
1011010100000001111001110001011101010010101101111000011110001110110101111110110110010101000111100011010101011111000000101000010010
1100101000101010010001111011000010101001101001001110000010101100001101111100010111011011100001111010100001100110100111100001101010
0000001010010101001110000101111111111101110001100110111110001101110001100000001001100011001101111001000111001001110001101111100101
1001010100101011110000111110110000001111101011010100111000111100001000001010100011111101101000001010101111100011101000101110011001
1101100100010011101101010110001011111000010010000011000011001110101011101001001011001110000100110101100111001011101100000110010011
1110101011000011010111001011011101101111100010011000110010100110101110111001000111010101111001101110100110000010001101010011110011
0010111000011100011111101000000010001110100110001000110101111110100011010110101100010000101011111100010000110010111001110010101111
0110011100001011010010101011000000011001011100101101110110100010000000011110100011011101000100111000000010000011000100010011011101
1011111110101101101100011011111111000111011011011111011010001100110000101001001110111111111001001010010100010101011011110010011010
0000111101000100000111111011001100010011101010010110101110110001010110000011001000101111010010111101001110110110100011110011010100
0110100010001011111110001011111110111000000000111011101011011110111110110010011100111110100011010100001000011001011100111101010000
0000111000010100111110000000101101011001111100010001100101100001000101011101001001010010110111010100010101111010011101010110010000
1100100001001010111110011110101001110010111011101101011100010100000100000100101010111111111000010100110010100001111100101011001100
1011100100101000010010010100001010111000100100001011110100100000001000101100000101111101001100001011011000100101001101101001100010
1100111010000001111101010101111110011111111111010000110000001001011101000110111110010100010100100011100101010010100101111010101110
1100110000010100011011011010001010111000010110110100111101110101100000111111000001111000111011110101111011110011011111100110011111
0010100010000010000110000111010111000010111000010111100111111100000110011110101110001001000111010111011000101001000000011011010110
1010110101111001000111101010000001100001000001110011011101111111011111010001110110110001100011100000100101110111001001000011110000
0000101100001010100000011011011100001010101101111100000011100100001101011001101111001011010101100111110011000001110100100001011011
1010110000000010100001000000000101011100000001100111100010101111100101101011010000100010111010000011100100111011110011100110101111
1000111000101011000010100010101110011101000000110011111011010101010100110111101010010010101010010001011000111100010001110011000111
1001011011000111110000100110010110011100111101110111000011011011010011111110000100001001010110011010011001101101001001001001000000
0010001001001011011001010001011111101101110010011001101100110110010100100010011100000011101010000111010110110000000101001010000001
0101011000101001100001110101011001101111010010001001101111011011010010011011111001001111100010100011010101000110011110101111101001
0000010011010100111101001010001111100101110001111110111011101100110100011110001100000101000010011110011110010111100110111111010100
0101001111101001110110111101011101011000001111101001111111000101000011100100100001000000001001001001101101101111000110101100111100
0110010000111000101001100110001111110010010100000001111101011000110000111111011010100000101110100111111001111101100110011110010001
1001001011110001011011110111110010101001010011101110110100010001001011101010110011110011100101101110110000110110000000110101101011
1101000101010001010001101011000111110111110000110011011110101000101011000000101001111110101011111000111110101100111001111000100111
1100001100001000000110100000110110011000111011001011111101011011001010000001101000001101101101011110011101011010101011000000011100
1000101000001001001001100101101100000001110110000110111011000110011101100101011100101010001100111011010101000100110101000110111001
0111100001100110011100110110011100100001110100001110110001001100010111110101010111101100101101101111111110101001110001100010100001
1000110001000101110100000011010001011000000010001000100100110001001010101000111011100001011111111110010100001010110001101010110010
0001010110011101010110101010010110101011101010110001110101111001000100110010101001001110101110011101011110100111010100110000100100
1001101000011001110110111010111010001111011101100001000101111111101101010011100101110110000000010000110001000110010110011100011000
1101001101111000110110111010001001000001101000101010001111110111101000011000010100111101110000100010011001001100101000101011100100
1101010011100010110100111000000110110101100101001101111000000101101101000010001111010100111100111000011110000110000010111111010100
1010011000011100111000110111011111100011010011110000010001001100011110111111010111010010100010001101100011110011001001110001011111
1001110010100100010101011101100000100010110000111110011101110111000011010111010111110011111001001111000101101011101110001101111110
0011110110100010000100011101111100010110111111010010000010001110001001001111000110100101110110010011010101101110001001110010100101
1110000011101000011111100101101000000111011100100101011101001011010001111000100010000001101111010111110000001111111001001000101010
1100011000010101100011000010111111001011101011110011101100101010111011010011001011000111000100011111100001000010000110111110011100
0110100011101100000010110001011100001111010010101100100011001001101111111001001110000011011010010101110000011010110101101110011100
0110000111111110100010110101100010111001011001110010110000010001101011110111100010011000001010001100100111011011001100100110010110
0001110111100010011011001100001001101110100011110111101001001101110110000000010101110010110011000010011101001111111110001000110001
1001111011100110011011000001010010101010110100010111000111111010010111110100011001001111001001011101010110101111100001011011101000
0111100010101011110001101100100100001011111000110110001000001000101011010011011000011111001111100001100001110000110110110100100100
1001001011000100011011101111111010100110101000110110110010001100101010000011100011000001110011011011000110001001111001000100000011
0001100110001001011011010100110110111010111101110111000111100101011011100011101010101100011111011010001110001011111111000101011000
1101100100111010011101100101111000111011000101001110111111011011010110111111010110000001110110110111000110101111110100101101110001
1101110100011001010110100111011011100110111010001000100000110010100111010101110001011011011101001110111100011100111000000000111011
0100110001100001100101100110000011111110100001000001111000011011100100100001111000100011011010001001001011110001000001100101001101
1010010101110100011111011010101101101001000100001011010100110111011111100110000000011010101100110110001000110100011100100011010011
1000101011111111010100010100000000101110101011011101101011000000001000100001011000011101011110111100100101000000111111001011111101
0011010110011111011010001101101111101010011101001100101010101111011011010000101011011100100000111101111101110101001101110010101010
0000010000111011100110100111010100000011000001101111010110110010001111010010001001011001101000000110110110110011000100101000111100
0001001111110110011011011011010000011110000100000011110000110111010100011010101100010001111011001111100000001100100111001101110110
1100101101110111110111011111011100101101000011001100011111111100100101110111110100101001011000110100010010111100010000000001010110
1110000000001101101101011100001110101110000010110100101111000000110011111011100111111000010111101010011011000010110101001001010101
0101111101011100101011001011001011101001111111100010010101011000010100010100010111101010110011100000110100101111000001011000000101
1001111111111101101000010001011001111011011101100111011111000001111101010100110101010010001110011111111000110101010100111100100011
0111100110110000000001000101100100101000000111100101110011111110001011000100101111000010100100100001010100001010111110101000010101
0101000100010101111001010011010111011011111100111001001111011010000110110011011111110001110111010011010000000110001010011111110011
0011010100011011110011000010101010001011111010010001010101001000111001101110011101000101110011111101001100000100100011110101001000
0000010001101101010011011110001000101000010110100010110110011000010101010110001100000111101000111011101001000000000110101011011101
0111000110010100101010000001100100000010101001000011011110110110100010111101101100010101111111011001000111101100100101010010010001
1000000001011001001100000110101100111100101110101110000000000111100101111100010111001011000001001000101010010100000101011000011111
0111100011101000101001000010011000001000111010110100010001110010000111000101010000111101101001010101011111010110110101001100101001
0100111111001110000100001000011010111001100100110001101000101010101101010001010100011100000000000100111010000100101101001001001110
0000101100000100001111111100010010100101010100101001010010111000110111011110001111001111110101011101010101010011000011100000110110
0101000101100101000111110110010001010011100010101111100001111101000111100010110001101111110010111111010100111000101001001010001010